S I F E P U
0 1 2 3 4 5 6 7 8 9
S
S I

0 1 2 3 4 5 6 7 8 9
0 1 2 3 4 5 6 7 8 9 10 11 12 13 14 15 16
1 2 3 4 5 6 7 8 9 10 11 12 13 14 15 16
0
0 0 1
0 1 2
0 2 3
0 3 4
0 4 11
0 5 11
0 6 11
0 7 11
0 8 11
0 9 11
2 0 5
2 1 5
2 2 5
2 3 5
2 4 5
2 5 5
2 6 5
2 7 5
2 8 5
2 9 5
3 0 6
3 1 6
3 2 6
3 3 6
3 4 6
3 5 6
3 6 6
3 7 6
3 8 6
3 9 6
4 0 7
4 1 7
4 2 7
4 3 7
4 4 8
4 5 9
4 6 9
4 7 9
4 8 9
4 9 9
5 0 13
5 1 13
5 2 13
5 3 13
5 4 13
5 5 13
5 6 13
5 7 13
5 8 13
5 9 13
6 0 14
6 1 14
6 2 14
6 3 14
6 4 14
6 5 14
6 6 14
6 7 14
6 8 14
6 9 14
7 0 14
7 1 15
7 2 15
7 3 15
7 4 15
7 5 15
7 6 15
7 7 15
7 8 15
7 9 15
8 0 16
8 1 16
8 2 16
8 3 16
8 4 16
8 5 16
11 0 12
11 1 12
11 2 12
11 3 12
11 4 12
11 5 12
11 6 12
11 7 12
11 8 12
11 9 12
